5, 5
[Floor1]
0,0,0,0,0
0,0,0,0,1
3,1,0,2,2
1,2,0,2,0
0,2,2,2,0

[Floor2]
1,0,0,0,0
2,0,0,1,0
4,1,0,3,1
2,3,0,3,0
0,3,3,3,0

[Floor3]
1,0,0,0,0
1,0,0,0,0
1,0,0,0,1
1,0,0,0,1
1,1,1,1,1

[Floor4]
0,0,0,0,0
0,0,0,0,0
0,0,0,0,0
0,0,0,0,0
0,0,0,0,0

[Floor5]
0,0,0,0,0
0,0,0,0,0
0,0,0,0,0
0,0,0,0,0
0,0,0,0,0

[Floor6]
0,0,0,0,0
0,0,0,0,0
0,0,0,0,0
0,0,0,0,0
0,0,0,0,0

[Floor7]
0,0,0,0,0
0,0,0,0,0
0,0,0,0,0
0,0,0,0,0
0,0,0,0,0

[Floor8]
0,0,0,0,0
0,0,0,0,0
0,0,0,0,0
0,0,0,0,0
0,0,0,0,0

[Floor9]
0,0,0,0,0
0,0,0,0,0
0,0,0,0,0
0,0,0,0,0
0,0,0,0,0

[Floor10]
0,0,0,0,0
0,0,0,0,0
0,0,0,0,0
0,0,0,0,0
0,0,0,0,0

